    8
  -0.57735027   -0.57735027   -0.57735027
  -0.57735027   -0.57735027    0.57735027
  -0.57735027    0.57735027   -0.57735027
  -0.57735027    0.57735027    0.57735027
   0.57735027   -0.57735027   -0.57735027
   0.57735027   -0.57735027    0.57735027
   0.57735027    0.57735027   -0.57735027
   0.57735027    0.57735027    0.57735027
    6
    4     2      6      4      0
    4     5      7      3      1
    4     4      5      1      0
    4     3      7      6      2
    4     1      3      2      0
    4     6      7      5      4
