   60
 -0.99734979    0.00000000   -0.07275569
 -0.92459411   -0.22391898    0.30819804
 -0.92459411    0.22391898    0.30819804
 -0.87962862   -0.36230852   -0.30819804
 -0.87962862    0.36230852   -0.30819804
 -0.80687293   -0.58622750    0.07275569
 -0.80687293    0.58622750    0.07275569
 -0.68915176   -0.22391898   -0.68915176
 -0.68915176   -0.22391898    0.68915176
 -0.68915176    0.22391898   -0.68915176
 -0.68915176    0.22391898    0.68915176
 -0.61639607   -0.72461704   -0.30819804
 -0.61639607    0.72461704   -0.30819804
 -0.49867490   -0.81014648    0.30819804
 -0.49867490    0.81014648    0.30819804
 -0.42591921   -0.58622750   -0.68915176
 -0.42591921   -0.58622750    0.68915176
 -0.42591921    0.58622750   -0.68915176
 -0.42591921    0.58622750    0.68915176
 -0.38095372    0.00000000    0.92459411
 -0.30819804   -0.94853602   -0.07275569
 -0.30819804   -0.22391898   -0.92459411
 -0.30819804    0.22391898   -0.92459411
 -0.30819804    0.94853602   -0.07275569
 -0.11772117   -0.36230852    0.92459411
 -0.11772117    0.36230852    0.92459411
 -0.07275569   -0.94853602    0.30819804
 -0.07275569    0.94853602    0.30819804
  0.00000000   -0.72461704   -0.68915176
  0.00000000   -0.72461704    0.68915176
  0.00000000    0.72461704   -0.68915176
  0.00000000    0.72461704    0.68915176
  0.07275569   -0.94853602   -0.30819804
  0.07275569    0.94853602   -0.30819804
  0.11772117   -0.36230852   -0.92459411
  0.11772117    0.36230852   -0.92459411
  0.30819804   -0.94853602    0.07275569
  0.30819804   -0.22391898    0.92459411
  0.30819804    0.22391898    0.92459411
  0.30819804    0.94853602    0.07275569
  0.38095372    0.00000000   -0.92459411
  0.42591921   -0.58622750   -0.68915176
  0.42591921   -0.58622750    0.68915176
  0.42591921    0.58622750   -0.68915176
  0.42591921    0.58622750    0.68915176
  0.49867490   -0.81014648   -0.30819804
  0.49867490    0.81014648   -0.30819804
  0.61639607   -0.72461704    0.30819804
  0.61639607    0.72461704    0.30819804
  0.68915176   -0.22391898   -0.68915176
  0.68915176   -0.22391898    0.68915176
  0.68915176    0.22391898   -0.68915176
  0.68915176    0.22391898    0.68915176
  0.80687293   -0.58622750   -0.07275569
  0.80687293    0.58622750   -0.07275569
  0.87962862   -0.36230852    0.30819804
  0.87962862    0.36230852    0.30819804
  0.92459411   -0.22391898   -0.30819804
  0.92459411    0.22391898   -0.30819804
  0.99734979    0.00000000    0.07275569
   62
    5     19     24     37     38     25  
    5     21     22     35     40     34  
    5     39     27     31     44     48  
    5     17     12     23     33     30  
    5      6      2     10     18     14  
    5      7      3      0      4      9  
    5      5     13     16      8      1  
    5     28     32     20     11     15  
    5     36     47     42     29     26  
    5     49     57     53     45     41  
    5     59     56     52     50     55  
    5     43     46     54     58     51  
    3     59     57     58  
    3     54     48     56  
    3     55     47     53  
    3     49     40     51  
    3     44     38     52  
    3     50     37     42  
    3     33     39     46  
    3     36     32     45  
    3     43     35     30  
    3     28     34     41  
    3     18     25     31  
    3     29     24     16  
    3     14     27     23  
    3     26     13     20  
    3     17     22      9  
    3      7     21     15  
    3      8     19     10  
    3      6     12      4  
    3      5      3     11  
    3      1      2      0  
    4     52     38     37     50  
    4     42     37     24     29  
    4     16     24     19      8  
    4     43     51     40     35  
    4     30     35     22     17  
    4      9     22     21      7  
    4     44     31     25     38  
    4     14     18     31     27  
    4     52     56     48     44  
    4     23     27     39     33  
    4     14     23     12      6  
    4     18     10     19     25  
    4      8     10      2      1  
    4      0      2      6      4  
    4      9      4     12     17  
    4     29     16     13     26  
    4     11     20     13      5  
    4      1      0      3      5  
    4     41     45     32     28  
    4     15     21     34     28  
    4     11      3      7     15  
    4     53     47     36     45  
    4     26     20     32     36  
    4     51     58     57     49  
    4     41     34     40     49  
    4     55     53     57     59  
    4     55     50     42     47  
    4     58     54     56     59  
    4     46     39     48     54  
    4     46     43     30     33  
