   60
 -0.96427546   -0.20177411   -0.17163931
 -0.96427546    0.20177411   -0.17163931
 -0.89871508   -0.40354821    0.17163931
 -0.89871508    0.40354821    0.17163931
 -0.83315470   -0.20177411    0.51491792
 -0.83315470    0.20177411    0.51491792
 -0.79263615   -0.32647736   -0.51491792
 -0.79263615    0.32647736   -0.51491792
 -0.68655723    0.00000000   -0.72707577
 -0.66151539   -0.73002557    0.17163931
 -0.66151539    0.73002557    0.17163931
 -0.55543646   -0.65295472   -0.51491792
 -0.55543646   -0.40354821    0.72707577
 -0.55543646    0.40354821    0.72707577
 -0.55543646    0.65295472   -0.51491792
 -0.48987608   -0.85472883   -0.17163931
 -0.48987608    0.85472883   -0.17163931
 -0.44935754   -0.73002557    0.51491792
 -0.44935754    0.73002557    0.51491792
 -0.34327861    0.00000000   -0.93923362
 -0.27771823   -0.20177411    0.93923362
 -0.27771823    0.20177411    0.93923362
 -0.21215785   -0.65295472   -0.72707577
 -0.21215785    0.65295472   -0.72707577
 -0.10607893   -0.97943209   -0.17163931
 -0.10607893   -0.32647736   -0.93923362
 -0.10607893    0.32647736   -0.93923362
 -0.10607893    0.97943209   -0.17163931
 -0.06556038   -0.85472883    0.51491792
 -0.06556038    0.85472883    0.51491792
  0.06556038   -0.85472883   -0.51491792
  0.06556038    0.85472883   -0.51491792
  0.10607893   -0.97943209    0.17163931
  0.10607893   -0.32647736    0.93923362
  0.10607893    0.32647736    0.93923362
  0.10607893    0.97943209    0.17163931
  0.21215785   -0.65295472    0.72707577
  0.21215785    0.65295472    0.72707577
  0.27771823   -0.20177411   -0.93923362
  0.27771823    0.20177411   -0.93923362
  0.34327861    0.00000000    0.93923362
  0.44935754   -0.73002557   -0.51491792
  0.44935754    0.73002557   -0.51491792
  0.48987608   -0.85472883    0.17163931
  0.48987608    0.85472883    0.17163931
  0.55543646   -0.65295472    0.51491792
  0.55543646   -0.40354821   -0.72707577
  0.55543646    0.40354821   -0.72707577
  0.55543646    0.65295472    0.51491792
  0.66151539   -0.73002557   -0.17163931
  0.66151539    0.73002557   -0.17163931
  0.68655723    0.00000000    0.72707577
  0.79263615   -0.32647736    0.51491792
  0.79263615    0.32647736    0.51491792
  0.83315470   -0.20177411   -0.51491792
  0.83315470    0.20177411   -0.51491792
  0.89871508   -0.40354821   -0.17163931
  0.89871508    0.40354821   -0.17163931
  0.96427546   -0.20177411    0.17163931
  0.96427546    0.20177411    0.17163931
   32
    6     57     50     44     48     53     59  
    6     37     34     40     51     53     48  
    6     54     55     57     59     58     56  
    6     54     46     38     39     47     55  
    6     27     16     10     18     29     35  
    6     13     21     34     37     29     18  
    6     42     31     27     35     44     50  
    6     42     47     39     26     23     31  
    6      1      0      2      4      5      3  
    6     12     20     21     13      5      4  
    6      7      1      3     10     16     14  
    6     14     23     26     19      8      7  
    6     15     24     32     28     17      9  
    6     36     33     20     12     17     28  
    6     11     15      9      2      0      6  
    6      6      8     19     25     22     11  
    6     49     56     58     52     45     43  
    6     51     40     33     36     45     52  
    6     41     49     43     32     24     30  
    6     30     22     25     38     46     41  
    5     52     58     59     53     51  
    5     47     42     50     57     55  
    5     41     46     54     56     49  
    5     29     37     48     44     35  
    5     45     36     28     32     43  
    5     20     33     40     34     21  
    5     19     26     39     38     25  
    5     23     14     16     27     31  
    5     22     30     24     15     11  
    5      5     13     18     10      3  
    5     17     12      4      2      9  
    5      8      6      0      1      7  
